#Res        AtomicFlx
   1.000       6.9074
   2.000       4.8518
   3.000       3.0576
   4.000       2.7286
   5.000       2.4101
   6.000       2.5425
   7.000       2.2567
   8.000       2.3583
   9.000       1.6775
  10.000       1.3918
  11.000       1.6591
  12.000       1.6581
  13.000       1.2989
  14.000       1.4772
  15.000       1.1763
  16.000       1.0549
  17.000       0.9601
  18.000       0.9457
  19.000       0.9326
  20.000       1.0713
  21.000       1.3552
  22.000       2.0024
  23.000       2.1406
  24.000       1.6513
  25.000       1.4708
  26.000       1.1926
  27.000       1.1028
  28.000       1.1687
  29.000       0.8719
  30.000       0.7685
  31.000       0.7501
  32.000       0.8772
  33.000       0.7789
  34.000       0.6304
  35.000       0.8175
  36.000       0.9799
  37.000       0.8922
  38.000       0.9334
  39.000       1.2032
  40.000       1.3115
  41.000       1.3142
  42.000       1.3361
  43.000       1.4395
  44.000       1.5035
  45.000       1.6798
  46.000       1.8433
  47.000       1.9089
  48.000       1.6165
  49.000       1.4304
  50.000       1.2384
  51.000       0.9732
  52.000       1.1466
  53.000       1.0603
  54.000       0.8317
  55.000       0.9763
  56.000       0.9724
  57.000       1.0331
  58.000       1.6338
  59.000       2.0877
  60.000       2.5973
  61.000       4.5818
  62.000       3.4903
  63.000       2.8431
  64.000       2.3461
  65.000       2.2874
  66.000       2.1297
  67.000       1.7020
  68.000       1.4103
  69.000       1.7499
  70.000       1.7402
  71.000       1.7211
  72.000       2.2865
  73.000       2.0019
  74.000       1.4953
  75.000       1.3539
  76.000       1.0891
  77.000       1.0868
  78.000       0.8754
  79.000       0.7883
  80.000       0.6524
  81.000       0.8216
  82.000       1.2725
  83.000       1.7272
  84.000       1.4427
  85.000       1.0089
  86.000       0.8328
  87.000       0.7696
  88.000       0.9434
  89.000       0.9693
  90.000       0.8599
  91.000       0.8756
  92.000       0.8639
  93.000       0.9896
  94.000       0.8407
  95.000       0.7548
  96.000       1.0013
  97.000       1.0881
  98.000       1.0171
  99.000       1.1690
 100.000       1.4871
 101.000       1.5537
 102.000       1.5742
 103.000       1.2781
 104.000       1.1138
 105.000       1.2615
 106.000       1.5583
 107.000       1.3809
 108.000       1.1040
 109.000       1.2732
 110.000       1.1752
 111.000       1.2122
 112.000       0.9756
 113.000       1.2425
 114.000       1.0420
 115.000       0.8847
 116.000       1.0497
 117.000       1.0781
 118.000       1.1921
 119.000       1.5643
 120.000       1.9400
 121.000       2.5109
