#Res        AtomicFlx
   1.000       2.3143
   2.000       1.7638
   3.000       1.6915
   4.000       1.8096
   5.000       1.4990
   6.000       1.4163
   7.000       1.8310
   8.000       2.1224
   9.000       2.4464
  10.000       1.9742
  11.000       2.3433
  12.000       1.9193
  13.000       1.4521
  14.000       1.1794
  15.000       0.8674
  16.000       0.7569
  17.000       0.6538
  18.000       0.7014
  19.000       0.7219
  20.000       0.9646
  21.000       1.5615
  22.000       2.5018
  23.000       2.5244
  24.000       1.7522
  25.000       1.0535
  26.000       0.7757
  27.000       0.7371
  28.000       0.8579
  29.000       0.8471
  30.000       0.8438
  31.000       0.6998
  32.000       0.8434
  33.000       0.8626
  34.000       0.8373
  35.000       0.8696
  36.000       1.1167
  37.000       1.0758
  38.000       1.1049
  39.000       1.4587
  40.000       1.5854
  41.000       1.4036
  42.000       1.4775
  43.000       1.6381
  44.000       1.9464
  45.000       2.0674
  46.000       2.3397
  47.000       2.2698
  48.000       1.8343
  49.000       1.9906
  50.000       1.7268
  51.000       1.1155
  52.000       1.1043
  53.000       0.9438
  54.000       0.7558
  55.000       0.6614
  56.000       0.7406
  57.000       0.7965
  58.000       0.7965
  59.000       0.9243
  60.000       0.9941
  61.000       3.3977
  62.000       2.3043
  63.000       1.8468
  64.000       1.6021
  65.000       1.6218
  66.000       1.7817
  67.000       1.2121
  68.000       1.5111
  69.000       2.6480
  70.000       3.2513
  71.000       2.6975
  72.000       2.4122
  73.000       2.2342
  74.000       2.2389
  75.000       1.4334
  76.000       0.9081
  77.000       0.7916
  78.000       0.6645
  79.000       0.6680
  80.000       0.6060
  81.000       0.6935
  82.000       1.0138
  83.000       1.1665
  84.000       0.9864
  85.000       0.7674
  86.000       0.7196
  87.000       0.6255
  88.000       0.7811
  89.000       0.8657
  90.000       1.1210
  91.000       0.9108
  92.000       0.8224
  93.000       1.0353
  94.000       1.0128
  95.000       0.7529
  96.000       0.8233
  97.000       0.9733
  98.000       0.9059
  99.000       0.8749
 100.000       1.1001
 101.000       1.2210
 102.000       1.1681
 103.000       1.0767
 104.000       1.0203
 105.000       0.9227
 106.000       1.1285
 107.000       1.2166
 108.000       1.2447
 109.000       1.1777
 110.000       1.1342
 111.000       1.0029
 112.000       0.7856
 113.000       0.8278
 114.000       0.7364
 115.000       0.6672
 116.000       0.8014
 117.000       0.7777
 118.000       0.8078
 119.000       0.7703
 120.000       0.9299
 121.000       1.0768
