#Res        AtomicFlx
   1.000       9.3247
   2.000       7.0923
   3.000       6.6368
   4.000       6.0566
   5.000       5.1479
   6.000       4.0767
   7.000       2.7045
   8.000       2.8564
   9.000       3.0969
  10.000       2.6976
  11.000       3.6980
  12.000       2.8171
  13.000       1.9320
  14.000       1.8899
  15.000       1.6010
  16.000       1.2826
  17.000       1.0205
  18.000       0.8846
  19.000       0.8930
  20.000       0.9054
  21.000       1.1303
  22.000       1.3118
  23.000       1.2389
  24.000       0.9104
  25.000       0.8540
  26.000       0.9356
  27.000       1.0676
  28.000       1.4350
  29.000       1.2228
  30.000       1.2226
  31.000       1.0963
  32.000       1.5159
  33.000       1.4035
  34.000       1.0648
  35.000       1.2120
  36.000       1.6984
  37.000       1.4543
  38.000       1.3447
  39.000       1.6954
  40.000       1.8307
  41.000       1.7273
  42.000       1.5198
  43.000       1.3940
  44.000       1.2535
  45.000       1.9595
  46.000       2.0246
  47.000       2.0549
  48.000       1.8523
  49.000       1.5484
  50.000       1.1833
  51.000       0.9423
  52.000       1.1097
  53.000       0.9067
  54.000       0.8459
  55.000       0.8658
  56.000       0.9700
  57.000       0.8874
  58.000       1.0162
  59.000       1.2882
  60.000       1.8669
  61.000       5.9650
  62.000       3.5954
  63.000       2.7532
  64.000       1.8501
  65.000       2.0573
  66.000       1.9270
  67.000       1.6591
  68.000       1.6941
  69.000       2.0496
  70.000       2.2969
  71.000       2.2267
  72.000       2.4982
  73.000       2.4373
  74.000       2.0178
  75.000       1.5369
  76.000       1.1286
  77.000       0.8941
  78.000       0.6750
  79.000       0.5780
  80.000       0.5512
  81.000       0.7022
  82.000       1.0607
  83.000       1.6017
  84.000       1.3871
  85.000       0.8404
  86.000       0.8226
  87.000       0.7808
  88.000       0.7703
  89.000       1.1922
  90.000       1.1390
  91.000       1.0218
  92.000       0.8023
  93.000       0.9081
  94.000       0.8270
  95.000       0.7221
  96.000       0.7519
  97.000       0.8603
  98.000       0.9053
  99.000       0.9181
 100.000       1.1257
 101.000       1.2869
 102.000       1.3073
 103.000       1.3114
 104.000       1.4211
 105.000       1.8476
 106.000       2.3796
 107.000       2.9134
 108.000       2.6691
 109.000       1.8544
 110.000       1.9412
 111.000       1.6685
 112.000       1.1157
 113.000       1.3130
 114.000       0.8348
 115.000       0.6051
 116.000       0.7056
 117.000       0.8048
 118.000       0.8473
 119.000       1.0178
 120.000       1.2841
 121.000       1.9181
