#Res        AtomicFlx
   1.000       5.7655
   2.000       3.8943
   3.000       3.6186
   4.000       3.2878
   5.000       2.6673
   6.000       2.7024
   7.000       2.7691
   8.000       2.8028
   9.000       2.9772
  10.000       2.1887
  11.000       2.2015
  12.000       1.9227
  13.000       1.3387
  14.000       1.0623
  15.000       0.9199
  16.000       0.8315
  17.000       0.7080
  18.000       0.6194
  19.000       0.6351
  20.000       0.6724
  21.000       1.0331
  22.000       1.4381
  23.000       1.3110
  24.000       1.0112
  25.000       0.9085
  26.000       0.8978
  27.000       0.8874
  28.000       0.9173
  29.000       0.7766
  30.000       0.7710
  31.000       0.7050
  32.000       0.8634
  33.000       0.9343
  34.000       0.8436
  35.000       1.0309
  36.000       1.2450
  37.000       1.4026
  38.000       1.3819
  39.000       1.7821
  40.000       2.1527
  41.000       2.2632
  42.000       2.2391
  43.000       2.1199
  44.000       1.6608
  45.000       2.8998
  46.000       3.1289
  47.000       2.2645
  48.000       1.9490
  49.000       1.3833
  50.000       1.8968
  51.000       1.6411
  52.000       1.9617
  53.000       0.9966
  54.000       0.5841
  55.000       0.6197
  56.000       0.6038
  57.000       0.6913
  58.000       0.6527
  59.000       0.7676
  60.000       0.8652
  61.000       2.0448
  62.000       1.5562
  63.000       1.4851
  64.000       1.5277
  65.000       1.5865
  66.000       1.5787
  67.000       1.3725
  68.000       1.1479
  69.000       1.7067
  70.000       1.9580
  71.000       1.9597
  72.000       2.4084
  73.000       2.1391
  74.000       1.4852
  75.000       1.0159
  76.000       0.6459
  77.000       0.6605
  78.000       0.6027
  79.000       0.5691
  80.000       0.5893
  81.000       0.6492
  82.000       1.0657
  83.000       1.5511
  84.000       1.5193
  85.000       0.6948
  86.000       0.6110
  87.000       0.6844
  88.000       0.6250
  89.000       0.6830
  90.000       0.6262
  91.000       0.6100
  92.000       0.5907
  93.000       0.7026
  94.000       0.6315
  95.000       0.6230
  96.000       0.7834
  97.000       0.9182
  98.000       0.9328
  99.000       1.0278
 100.000       1.3565
 101.000       1.4902
 102.000       1.6625
 103.000       2.5322
 104.000       2.1749
 105.000       2.2179
 106.000       2.1185
 107.000       2.5901
 108.000       2.4750
 109.000       1.8700
 110.000       1.8602
 111.000       1.9267
 112.000       1.4911
 113.000       1.8908
 114.000       0.9500
 115.000       0.6564
 116.000       0.6800
 117.000       0.6733
 118.000       0.7770
 119.000       1.5184
 120.000       1.4332
 121.000       1.8247
