#Res        AtomicFlx
   1.000      11.6496
   2.000      10.6574
   3.000       9.3937
   4.000       7.7740
   5.000       6.6602
   6.000       4.3782
   7.000       5.1764
   8.000       5.5458
   9.000       6.5958
  10.000       5.4116
  11.000       4.3640
  12.000       3.5253
  13.000       2.6433
  14.000       1.6561
  15.000       1.0402
  16.000       1.0092
  17.000       0.8909
  18.000       0.7660
  19.000       0.7123
  20.000       0.7551
  21.000       1.0118
  22.000       1.3370
  23.000       1.2636
  24.000       0.9533
  25.000       0.8477
  26.000       0.9121
  27.000       0.9730
  28.000       0.8999
  29.000       0.8797
  30.000       0.9297
  31.000       0.9131
  32.000       1.0741
  33.000       0.9989
  34.000       0.9121
  35.000       1.0329
  36.000       1.1982
  37.000       1.1564
  38.000       1.1288
  39.000       1.4082
  40.000       1.5490
  41.000       1.4634
  42.000       1.3512
  43.000       1.1640
  44.000       1.1580
  45.000       1.6141
  46.000       1.7927
  47.000       1.7176
  48.000       1.4454
  49.000       1.2092
  50.000       0.9819
  51.000       0.8121
  52.000       0.9159
  53.000       0.8341
  54.000       0.7075
  55.000       0.7839
  56.000       0.8188
  57.000       0.8240
  58.000       0.8931
  59.000       1.2427
  60.000       1.3975
  61.000       4.6390
  62.000       3.8114
  63.000       3.7542
  64.000       2.2278
  65.000       2.2086
  66.000       2.1247
  67.000       1.8082
  68.000       1.6160
  69.000       1.7108
  70.000       2.1795
  71.000       2.3910
  72.000       2.6358
  73.000       2.7528
  74.000       2.1076
  75.000       1.8124
  76.000       1.3424
  77.000       1.0356
  78.000       0.7677
  79.000       0.6634
  80.000       0.5808
  81.000       0.6089
  82.000       0.7582
  83.000       1.2423
  84.000       1.1771
  85.000       0.7311
  86.000       0.6709
  87.000       0.7309
  88.000       0.8811
  89.000       1.1032
  90.000       0.9778
  91.000       0.9164
  92.000       0.7941
  93.000       0.9080
  94.000       0.9493
  95.000       0.8057
  96.000       0.8679
  97.000       1.0361
  98.000       1.0331
  99.000       1.0125
 100.000       1.2437
 101.000       1.4080
 102.000       1.3811
 103.000       1.2562
 104.000       1.1158
 105.000       0.9468
 106.000       1.3184
 107.000       1.3013
 108.000       1.2147
 109.000       1.2000
 110.000       1.0603
 111.000       1.0048
 112.000       0.8103
 113.000       0.8645
 114.000       0.7649
 115.000       0.6572
 116.000       0.7963
 117.000       0.8843
 118.000       1.0095
 119.000       1.1067
 120.000       1.1851
 121.000       1.7010
