#Res        AtomicFlx
   1.000       3.9890
   2.000       3.9069
   3.000       2.3192
   4.000       1.7727
   5.000       1.1244
   6.000       0.7307
   7.000       0.9521
   8.000       1.3422
   9.000       1.3717
  10.000       1.3221
  11.000       1.6352
  12.000       1.6141
  13.000       0.8967
  14.000       0.6733
  15.000       0.5804
  16.000       0.5895
  17.000       0.5352
  18.000       0.5146
  19.000       0.5445
  20.000       0.5786
  21.000       0.7492
  22.000       0.8420
  23.000       0.7151
  24.000       0.5954
  25.000       0.5554
  26.000       0.5380
  27.000       0.5697
  28.000       0.7068
  29.000       0.6518
  30.000       0.5033
  31.000       0.4892
  32.000       0.6656
  33.000       0.6366
  34.000       0.5353
  35.000       0.6385
  36.000       0.7559
  37.000       0.7792
  38.000       0.8433
  39.000       1.0217
  40.000       1.5420
  41.000       1.4150
  42.000       1.1286
  43.000       1.1273
  44.000       1.3158
  45.000       1.4231
  46.000       2.1237
  47.000       1.8718
  48.000       1.1529
  49.000       1.4855
  50.000       1.3604
  51.000       0.8850
  52.000       1.0651
  53.000       0.6006
  54.000       0.5097
  55.000       0.5752
  56.000       0.5173
  57.000       0.5402
  58.000       0.5627
  59.000       0.7271
  60.000       1.0930
  61.000       1.7422
  62.000       1.3792
  63.000       1.1071
  64.000       1.1856
  65.000       1.1633
  66.000       0.9849
  67.000       1.0309
  68.000       0.9447
  69.000       1.5316
  70.000       1.8668
  71.000       1.8399
  72.000       1.9842
  73.000       2.0942
  74.000       1.4326
  75.000       1.0653
  76.000       0.6349
  77.000       0.5761
  78.000       0.5262
  79.000       0.4628
  80.000       0.5052
  81.000       0.5441
  82.000       0.8065
  83.000       0.9934
  84.000       0.9475
  85.000       0.6357
  86.000       0.5228
  87.000       0.4825
  88.000       0.4885
  89.000       0.6438
  90.000       0.5699
  91.000       0.6633
  92.000       0.5677
  93.000       0.6732
  94.000       0.6611
  95.000       0.6148
  96.000       0.6229
  97.000       0.7505
  98.000       0.7856
  99.000       0.8196
 100.000       1.0700
 101.000       1.2455
 102.000       1.6515
 103.000       1.3902
 104.000       1.3596
 105.000       1.8240
 106.000       1.6577
 107.000       1.4846
 108.000       1.8916
 109.000       1.3634
 110.000       1.1423
 111.000       0.9717
 112.000       0.7242
 113.000       0.7788
 114.000       0.5835
 115.000       0.5093
 116.000       0.5029
 117.000       0.5380
 118.000       0.5593
 119.000       0.7828
 120.000       0.9318
 121.000       1.6279
