25.728	-1.051
25.580	-1.514
25.052	-2.720
25.087	-0.923
25.526	-3.677
28.090	-3.469
28.959	-2.162
27.514	-0.375
26.596	-0.760
27.495	-0.389
24.357	-0.721
25.921	-3.022
27.031	-1.336
27.281	-0.818
28.183	0.349
29.109	-3.656
32.912	-6.059
28.149	-3.142
28.074	-1.842
29.363	-2.561
28.169	-4.049
29.403	-2.223
27.183	-2.234
26.708	-1.950
27.279	-2.600
31.290	-3.602
28.490	-1.444
29.346	-1.237
28.501	-2.120
29.075	-2.581
28.220	-2.385
26.809	-1.580
26.729	-1.115
27.328	-1.368
27.242	-2.703
27.381	-1.366
24.845	-0.343
26.923	-2.432
27.823	-3.253
27.185	-3.022
27.093	-2.292
27.403	-2.183
28.666	-2.144
26.399	-1.946
26.791	-1.145
29.553	-1.466
28.456	-3.301
28.443	-1.694
26.948	-1.292
26.545	-2.942
26.079	-2.463
27.396	-2.653
24.286	-2.707
26.067	-2.368
28.184	-3.397
27.921	-1.759
26.676	-1.977
26.879	-1.279
26.357	-1.500
28.048	-0.780
27.416	-1.325
27.567	-1.756
28.468	-1.802
27.708	-3.325
27.415	-2.512
28.474	-2.111
27.510	-3.394
28.776	-3.403
29.028	-3.065
27.388	-3.795
26.977	-3.043
27.567	-2.779
26.950	-2.915
28.146	-4.069
27.394	-2.985
27.640	-3.399
26.785	-2.017
25.578	-3.354
28.550	-1.569
28.322	-1.272
26.313	-1.028
27.632	-3.731
26.914	-0.879
26.766	-0.392
26.725	-0.339
26.116	-1.254
25.533	-0.466
26.304	-0.802
29.134	-3.068
27.892	-1.815
27.221	-1.037
26.755	-1.316
28.326	-1.583
30.219	-3.535
29.506	-3.776
30.322	-2.140
30.479	-3.372
27.582	-2.401
29.514	-4.237
29.569	-3.933
28.851	-3.679
26.230	-4.912
25.427	-4.345
26.125	-4.489
26.336	-4.645
29.156	-5.095
27.199	-6.159
26.583	-4.143
25.244	-0.965
23.371	-2.892
22.258	-0.993
24.192	-0.347
23.953	-1.801
24.827	-0.350
25.681	-1.193
25.146	-1.514
23.472	-1.708
22.869	-2.893
24.605	-1.141
24.306	-3.347
23.469	-2.668
23.698	0.185
23.198	0.746
21.650	-0.581
22.053	-0.197
21.454	-0.344
18.915	-1.322
19.431	-0.930
19.798	-0.696
19.249	0.619
21.237	-0.852
21.269	0.214
25.286	-2.151
24.234	-2.540
24.714	-3.648
27.259	-3.360
24.993	-3.795
27.445	-5.098
26.473	-5.238
28.767	-6.034
28.219	-5.874
26.973	-6.157
26.958	-4.915
26.210	-5.819
27.229	-7.457
24.563	-6.571
27.770	-5.475
29.271	-6.382
26.503	-5.603
26.173	-5.610
25.924	-8.161
27.659	-6.003
24.652	-6.327
22.552	-5.884
23.512	-5.500
25.291	-3.391
22.654	-5.166
21.314	-3.410
24.312	-2.254
24.837	-4.498
25.053	-2.774
28.901	-4.600
24.870	-4.245
23.447	-1.270
23.487	-2.749
23.930	-0.971
22.917	-3.375
22.659	-2.063
24.359	-0.973
29.420	-3.919
30.378	-5.217
28.035	-3.736
29.132	-4.037
27.419	-0.474
25.469	0.901
27.612	-3.904
22.983	-2.954
28.788	-3.905
26.349	-5.211
26.946	-4.603
25.727	-3.275
26.558	0.580
25.689	0.149
27.361	-1.680
29.075	-1.073
27.574	-0.266
23.662	2.174
25.811	-0.508
24.985	-3.078
24.967	-2.848
26.670	0.259
24.757	2.258
24.827	1.096
25.843	1.096
26.626	0.714
28.681	-0.205
27.071	1.966
21.601	-0.539
24.342	-3.082
21.999	1.233
24.569	-0.280
23.509	-0.574
24.942	1.628
22.425	0.735
24.005	1.380
23.495	-2.659
24.681	-0.836
28.240	-2.513
25.981	0.049
23.398	2.617
25.994	0.607
26.586	0.857
24.831	-0.023
26.167	-1.001
23.411	0.507
26.639	-0.522
30.824	-1.971
30.537	0.258
30.270	-2.614
27.130	-1.264
30.690	-0.944
29.748	-3.713
29.406	-0.596
27.831	1.355
28.907	-1.081
29.502	-0.091
28.503	-1.942
31.164	-1.697
30.085	-1.123
31.350	0.252
30.976	0.181
30.880	-1.014
26.500	0.507
29.825	-0.930
27.866	1.231
26.361	1.048
27.982	0.758
26.616	0.479
27.294	0.766
28.240	0.326
25.146	1.791
24.345	2.755
24.066	1.855
24.477	0.785
23.368	2.406
25.666	1.094
25.454	-0.381
22.016	2.449
25.223	2.273
25.758	0.892
25.477	1.655
27.258	2.799
24.764	5.271
25.721	1.813
26.339	1.861
25.079	1.781
27.227	-0.530
26.939	0.344
25.541	1.728
26.516	1.267
27.662	-0.073
27.533	1.655
25.634	0.215
28.157	-0.406
26.140	-0.200
26.785	0.139
27.524	0.132
21.740	0.104
26.220	1.792
27.814	-0.177
26.836	-1.012
25.994	0.037
27.197	0.980
27.976	-1.040
27.399	1.359
27.094	2.269
27.477	3.083
25.616	2.908
26.439	0.207
26.964	-0.020
24.807	-0.281
25.719	2.813
24.538	6.125
21.606	3.648
21.346	4.065
18.567	5.006
21.846	5.633
21.005	4.186
21.471	3.076
24.479	3.325
23.162	3.250
24.595	2.756
24.743	0.366
25.059	0.922
24.230	0.893
24.879	0.047
22.886	-0.475
25.108	0.034
24.167	0.659
25.813	1.293
23.814	3.611
23.302	3.815
25.891	4.750
26.601	4.418
25.517	4.792
24.837	4.698
27.155	3.213
23.651	3.519
24.994	2.331
26.501	3.216
28.238	0.104
28.440	0.304
31.274	-1.904
26.876	0.996
30.242	-0.802
27.529	-2.374
26.642	0.915
26.637	-2.235
22.900	-0.443
22.972	1.896
24.758	3.021
23.737	2.450
26.459	3.099
21.740	3.808
20.719	3.571
23.313	5.570
26.879	4.752
24.678	1.835
26.514	0.703
24.689	-2.059
21.920	0.170
23.218	1.416
21.229	4.153
20.173	4.009
18.598	3.560
15.939	-0.887
22.411	0.111
18.178	2.469
15.201	4.805
19.367	4.181
20.166	3.928
21.780	1.899
24.000	3.654
22.635	5.777
19.562	6.582
19.335	2.840
16.794	4.384
15.710	0.829
16.960	1.881
20.172	0.418
20.874	3.796
18.876	2.667
19.416	0.245
18.807	2.741
18.106	3.119
17.308	1.074
18.826	2.116
20.124	1.448
22.153	5.738
25.068	3.247
22.514	2.768
23.707	3.753
18.068	1.334
20.700	2.032
21.573	3.137
18.994	3.731
18.445	2.982
20.342	4.299
19.553	3.907
19.232	4.810
23.040	6.665
22.293	4.196
23.840	5.019
20.368	4.937
25.194	8.136
21.131	6.081
19.406	4.601
21.432	6.765
18.410	7.674
16.538	5.670
19.034	2.429
19.978	4.564
20.558	4.756
22.319	3.922
21.902	4.493
21.584	8.643
25.109	10.015
22.910	9.384
22.290	6.155
20.551	7.014
17.960	6.431
19.579	8.710
18.875	6.341
16.795	6.136
18.727	5.231
17.223	2.935
16.012	5.138
14.414	3.498
19.201	5.523
20.723	3.282
24.654	1.252
16.902	3.541
23.846	2.928
21.087	2.349
22.528	5.826
21.066	4.136
15.363	4.843
19.837	3.566
14.169	5.070
15.576	6.124
20.608	3.745
18.565	4.879
17.609	5.447
23.570	4.782
22.168	3.555
22.585	4.355
21.269	4.441
21.076	5.307
21.321	5.930
17.023	4.965
20.030	1.722
17.685	3.862
18.502	5.780
18.948	3.884
17.886	3.842
17.258	3.516
22.202	0.814
21.137	2.993
20.806	2.774
20.363	0.160
25.823	0.566
27.195	2.287
26.729	2.640
29.886	1.014
32.935	3.350
28.137	3.652
26.283	1.848
30.681	1.760
21.836	1.014
18.565	6.091
22.993	5.380
24.186	6.224
22.268	5.412
22.560	4.866
20.593	2.575
24.199	2.842
21.957	5.878
19.316	0.752
17.053	0.902
14.503	2.720
13.997	3.762
13.801	7.053
14.312	5.670
13.194	5.325
15.537	8.572
14.465	5.009
15.155	6.591
13.834	6.042
14.434	9.085
13.686	9.626
14.367	8.934
16.234	8.830
13.242	10.327
15.756	10.861
15.257	8.966
11.833	7.333
16.888	8.832
16.136	8.587
17.440	7.484
12.536	6.964
11.970	7.696
9.274	7.459
12.112	10.906
16.734	7.934
12.427	7.130
12.134	8.308
9.571	8.624
13.425	7.982
12.022	7.110
11.496	8.455
12.614	9.609
10.290	9.189
9.181	8.715
8.738	9.382
8.424	6.698
12.888	8.818
8.202	9.176
9.180	9.969
9.604	11.128
12.405	9.310
10.052	5.881
8.195	10.519
5.663	8.128
7.396	9.424
10.063	10.455
8.403	10.842
2.597	8.292
4.193	8.900
3.129	6.659
7.138	6.302
5.958	8.410
10.410	9.260
6.262	4.993
10.553	7.698
11.653	9.360
9.477	9.929
2.846	9.319
3.804	8.944
1.354	8.403
1.383	8.132
6.104	7.891
0.360	14.996
-2.928	15.240
-4.248	13.296
-3.811	12.407
1.779	11.811
0.759	13.924
-3.397	14.187
-1.415	14.832
-1.295	13.833
-1.776	12.587
-0.929	15.695
-1.867	14.175
1.739	13.540
0.803	13.857
-3.253	12.632
-0.915	13.746
0.441	12.915
-2.974	9.736
-2.586	13.611
-1.419	12.812
-0.738	14.320
-3.249	13.984
-2.097	14.734
-1.945	14.834
-1.515	15.123
-2.936	11.713
-1.257	14.577
-2.560	9.246
-2.453	12.226
-1.342	11.442
-2.058	13.482
-1.091	12.911
-2.699	11.925
-1.058	12.334
-3.516	14.362
-3.157	13.808
-1.577	12.000
-2.340	14.098
-1.700	14.051
-2.570	13.974
-1.566	15.259
-0.987	13.595
-2.483	12.680
-2.354	13.016
-3.397	17.193
-2.671	13.937
-2.894	15.298
-1.311	12.603
-1.928	11.689
-2.635	9.320
-3.194	13.192
-2.531	12.506
-2.695	15.860
-2.540	11.373
-2.573	10.071
-4.497	13.338
-3.249	12.679
-5.535	11.684
-4.404	10.189
-3.355	12.538
-3.621	14.574
-3.099	14.047
-3.849	14.209
-4.040	13.558
-3.235	13.302
-4.235	9.390
-3.746	10.414
-4.265	12.878
-4.659	12.597
-3.074	13.546
-2.565	13.096
-1.345	13.257
-3.316	9.822
-1.461	11.146
-3.019	12.583
-3.022	13.511
-2.740	12.476
-2.219	12.888
-1.884	12.221
-0.974	14.306
-0.954	12.483
-2.335	10.038
-1.364	15.100
-0.156	16.312
-2.285	14.504
-2.627	16.335
-0.937	13.094
-2.087	13.163
-0.910	13.767
-2.679	10.118
-5.033	11.899
-1.428	13.182
-3.859	13.698
-1.035	16.572
1.467	14.163
-1.288	15.355
-1.329	15.579
-1.236	16.790
-1.243	17.596
0.874	15.920
1.257	15.112
-1.856	14.148
-0.629	15.827
0.444	18.974
0.033	14.781
-0.468	16.235
-1.810	16.075
-0.717	14.608
-0.135	15.423
-0.962	13.950
-0.187	15.297
-0.398	13.928
-4.053	14.091
-1.100	14.916
-0.402	15.779
1.121	13.213
-2.681	12.059
-0.125	13.245
-1.548	14.201
-1.469	15.576
-0.984	16.582
0.444	14.804
-0.017	14.092
-1.547	13.650
-0.021	14.332
-1.915	12.681
-4.386	14.125
-1.287	14.371
-3.585	13.158
-3.443	11.464
-6.043	10.757
-6.542	10.696
-4.501	13.401
-5.771	12.082
-5.479	12.806
-4.719	12.201
-4.321	10.611
-4.536	10.750
-5.739	9.344
-3.693	12.406
-4.141	11.101
-3.535	11.107
-4.468	13.276
-4.785	10.340
-6.208	13.366
-5.511	12.726
-4.973	14.867
-4.341	13.770
-3.346	11.654
-4.945	8.661
-5.465	9.548
-7.730	10.958
-3.384	11.023
-6.968	10.906
-2.958	9.626
-4.259	9.257
-4.306	9.717
-1.766	10.521
-3.465	12.892
-1.018	13.160
-2.434	14.315
-2.931	11.208
-1.041	13.162
-1.053	13.278
-1.466	14.161
-2.864	9.998
-4.779	11.654
-4.443	10.591
-3.016	12.575
-4.416	10.912
-4.997	10.988
-6.376	10.578
-7.027	10.542
-6.102	9.893
-7.441	10.337
-5.804	12.494
-7.001	9.711
-8.474	9.183
-7.171	11.826
-4.919	12.326
-4.874	11.813
-4.770	11.035
-6.838	9.596
-3.821	8.901
-3.856	9.603
-3.636	7.109
-2.897	7.631
-3.710	8.999
-2.948	8.064
-5.466	6.420
-2.950	10.545
-5.379	9.651
-4.736	8.840
-5.039	12.901
-5.470	8.674
-4.809	7.813
-7.331	6.510
-7.855	6.271
-6.345	5.930
-4.581	7.667
-5.658	7.092
-7.063	8.049
-8.091	5.329
-5.861	6.242
-6.333	6.849
-4.958	4.114
-6.032	4.534
-6.164	6.158
-7.698	3.674
-8.887	5.669
-7.664	5.695
-5.453	5.657
-6.961	6.213
-7.498	4.040
-5.856	4.521
-6.136	4.049
-5.454	6.972
-7.740	6.265
-5.799	7.388
-6.698	8.509
-6.362	5.622
-6.508	7.657
-5.162	8.058
-7.400	9.330
-5.375	9.448
-5.303	8.028
-5.113	8.482
-6.627	7.200
-4.926	8.835
-5.659	10.085
-7.927	6.104
-6.731	5.959
-7.736	6.526
-6.811	7.387
-6.832	7.330
-7.458	6.147
-5.668	5.485
-7.019	5.285
-7.469	6.338
-7.219	7.150
-6.542	8.719
-4.828	9.513
-6.748	9.465
-6.599	8.523
-5.647	7.161
-5.420	9.223
-7.303	6.859
-6.027	7.131
-7.655	8.288
-6.312	10.343
-6.442	7.618
-4.838	7.957
-7.106	8.472
-8.443	6.629
-4.682	8.878
-2.521	9.213
-5.314	8.783
-7.074	4.591
-6.979	7.551
-4.902	7.252
-8.201	8.031
-6.890	5.740
-6.267	6.707
-6.739	9.737
-6.332	5.866
-4.845	8.618
-4.201	7.202
-4.678	7.522
-6.208	5.036
-6.429	7.397
-7.500	5.532
-6.789	7.785
-5.556	8.176
-5.577	6.279
-4.865	5.849
-3.151	6.620
-5.003	7.194
-3.386	6.461
-3.878	7.382
-5.079	6.556
-3.918	6.213
-3.363	5.195
-5.682	5.092
-4.410	4.973
-4.667	5.617
-4.764	7.655
-5.719	3.398
-5.916	6.403
-2.309	6.539
-4.248	4.686
-4.679	6.147
-5.379	3.776
-5.324	4.152
-5.152	7.530
-4.830	8.615
-4.621	3.974
-2.540	9.132
-3.151	9.054
-4.612	9.866
-4.022	10.516
-4.052	9.696
-4.368	6.658
-8.069	7.425
-6.003	7.662
-3.658	9.175
-6.187	11.008
-4.996	8.461
-4.950	8.408
-4.176	8.257
-5.659	7.477
-7.134	9.554
-7.333	8.833
-8.381	5.537
-7.753	7.002
-6.327	9.245
-6.569	6.933
-6.146	5.820
-7.988	5.999
-6.997	3.014
-7.246	6.598
-8.359	5.517
-7.655	5.665
-8.104	5.724
-8.538	5.027
-7.279	6.314
-6.102	5.171
-6.216	3.274
-5.812	2.702
-7.697	2.359
-8.602	1.739
-8.143	4.442
-8.812	6.075
-7.658	4.577
-7.129	4.165
-10.503	5.558
-4.916	3.374
-7.647	2.416
-9.157	5.441
-7.406	5.346
-5.196	6.242
-5.329	7.024
-4.853	6.905
-7.301	5.452
-5.426	4.543
-5.653	8.033
-5.299	6.965
-3.095	6.730
-7.087	6.177
-5.413	4.166
-4.655	5.006
-7.398	4.349
-8.171	3.331
-8.058	2.408
-7.457	3.134
-5.416	3.344
-3.779	5.148
-6.460	4.963
-5.768	5.287
-4.510	5.147
-5.100	6.484
-5.880	8.006
-6.114	6.909
-5.171	7.541
-3.726	7.432
-8.935	5.550
-4.791	5.169
-4.820	5.468
-4.079	6.849
-6.255	6.463
-6.557	7.281
-3.962	7.706
-6.646	6.376
-2.767	6.722
-5.370	7.682
-2.041	5.864
-5.392	5.574
-6.001	6.577
-4.300	7.026
-4.818	5.409
-7.935	6.929
-4.894	7.182
-3.862	5.662
-6.375	8.099
-7.214	7.427
-6.257	3.104
-6.468	3.016
-8.286	3.783
-5.852	2.835
-4.669	3.301
-6.679	3.237
-7.139	-0.058
-8.808	1.318
-5.023	3.210
-4.184	4.019
-3.575	4.880
-5.396	6.538
-6.039	3.866
-3.929	4.545
-4.229	1.638
-2.004	2.723
-1.291	3.955
-2.605	4.989
-3.888	6.053
-4.545	5.581
-3.041	7.177
-2.636	5.908
-2.631	5.775
-2.385	6.497
-5.006	7.063
-5.055	5.966
-8.791	7.419
-8.083	1.620
-8.838	4.967
-6.699	5.910
-8.186	7.363
-6.805	6.817
-5.652	5.547
-9.068	2.983
-8.404	5.669
-8.701	2.758
-8.764	6.893
-8.942	7.717
-8.316	8.249
-8.140	10.252
-4.821	7.094
-5.536	6.471
-3.414	7.970
-3.884	7.820
-1.095	11.285
-6.019	6.460
-1.694	10.161
-1.882	8.266
0.292	8.663
-1.511	12.021
-3.456	14.257
-4.600	11.914
-3.172	15.732
-1.627	17.904
-5.351	14.354
-6.325	11.271
-4.506	10.038
-5.273	9.269
-7.479	10.713
-8.565	10.476
-5.867	7.871
-5.380	7.425
-6.623	8.268
-8.716	9.793
-5.153	7.607
-1.348	7.850
-5.568	8.771
-7.151	8.927
-6.583	10.090
-2.862	9.166
0.024	7.934
-2.127	9.639
-3.766	7.352
-7.262	8.595
-10.284	9.659
-8.809	9.300
-9.009	8.849
-10.002	8.384
-12.456	6.949
-8.224	6.067
-7.097	9.298
-7.522	7.509
-7.587	7.060
-10.247	8.018
-11.656	9.659
-8.192	8.215
-6.085	8.780
-9.850	5.815
-7.150	8.907
-10.207	7.394
-11.491	8.439
-7.896	10.960
-12.244	7.021
-9.126	7.475
-15.737	7.223
-17.288	8.726
-17.218	5.572
-12.544	8.275
-13.963	6.748
-10.025	8.884
-12.130	10.168
-13.306	7.373
-10.611	7.453
-6.203	6.159
-3.665	6.200
-3.602	3.151
-9.784	7.713
-6.759	8.642
-5.988	6.101
-4.898	7.356
-9.542	4.428
-14.191	-0.363
-9.194	2.466
-10.692	3.485
-9.065	0.473
-10.127	1.816
-5.300	2.686
-6.846	2.500
-7.268	2.839
-4.929	5.121
-7.053	1.941
-12.852	2.254
-9.809	0.815
-9.860	1.785
-8.869	2.532
-10.365	1.197
-9.621	0.139
-8.715	1.285
-8.805	2.128
-10.257	3.166
-10.368	2.710
-11.582	1.623
-6.188	1.943
-13.425	0.166
-11.272	3.427
-12.161	2.602
-19.150	-0.571
-15.419	1.842
-16.267	0.875
-20.660	0.160
-18.975	-0.156
-14.379	3.577
-9.149	5.837
-6.469	2.566
-6.560	4.158
-9.079	2.682
-11.185	4.769
-10.972	3.387
-13.177	1.895
-11.731	2.620
-5.093	2.805
-2.667	5.103
-7.528	5.967
-12.937	4.641
-6.972	2.814
-10.069	4.407
-10.102	4.253
-9.036	3.361
-8.562	1.442
-3.831	4.169
-3.942	5.097
-3.062	4.341
-5.939	4.802
-2.305	2.059
-7.629	4.766
-4.708	5.992
-1.591	3.832
-2.635	2.265
-2.949	4.060
-4.589	6.722
-2.964	8.345
-1.343	6.493
-5.640	6.855
-3.700	8.732
-2.022	10.397
-2.953	8.427
-2.653	6.471
-0.922	5.356
-2.046	7.388
-1.130	5.898
-0.543	8.238
-0.616	5.978
0.277	7.014
-2.750	4.682
-2.906	5.977
-4.719	6.673
-5.081	9.708
-5.275	8.990
-1.358	4.912
-2.202	6.421
0.603	1.958
3.631	0.903
3.531	2.995
3.943	2.259
2.260	4.466
2.934	3.526
3.658	0.553
-2.695	-1.523
-0.010	1.104
-3.148	1.427
0.528	0.097
-2.304	0.602
-5.409	2.592
1.407	3.656
3.087	3.503
-6.162	4.134
-7.467	9.096
-8.164	7.368
-6.641	5.904
-8.103	5.411
-4.214	6.643
-6.413	8.096
-8.913	7.449
-9.444	10.178
-2.743	9.126
-5.732	8.643
-3.865	11.568
-5.552	10.419
-2.563	9.341
-5.877	9.893
-4.479	10.136
-6.626	11.427
-2.986	10.888
-0.726	9.518
-4.348	8.455
-7.563	8.733
-7.216	7.000
-5.684	7.227
-8.699	6.746
-7.508	5.791
-11.830	8.579
-15.408	5.829
-9.694	7.548
-16.404	5.715
-11.743	5.347
-13.190	7.176
-7.409	7.948
-10.924	4.786
-13.274	6.916
-10.466	8.923
-4.645	5.646
-4.650	8.408
-9.471	8.488
-11.906	11.213
-11.135	10.344
-11.293	8.363
-8.136	6.694
-5.890	9.769
-3.534	7.103
-5.524	8.893
-2.097	9.800
-2.640	7.131
-5.285	8.373
-7.195	9.060
-7.159	7.327
-7.279	9.614
-6.126	9.123
-7.421	11.068
-9.962	11.090
-13.584	10.939
-14.297	8.541
-13.535	9.300
-8.918	7.074
-6.683	10.280
-14.366	8.507
-10.439	11.242
-9.573	9.645
-10.311	15.429
-9.614	10.944
-9.876	12.376
-10.535	12.502
-11.091	11.770
-16.601	13.565
-13.884	12.754
-15.269	12.706
-19.146	11.174
-16.802	12.793
-18.114	11.851
-15.361	12.961
-16.712	11.975
-21.776	10.617
-19.002	8.755
-18.935	10.008
-21.430	12.387
-23.392	12.103
-20.102	10.916
-19.824	9.872
-18.725	10.209
-15.244	12.188
-17.482	13.507
-18.618	11.474
-20.261	11.557
-19.614	10.334
-22.845	8.809
-19.899	8.222
-20.454	10.043
-23.301	8.522
-21.380	8.481
-20.414	8.295
-21.275	10.242
-20.350	10.710
-18.522	12.819
-18.625	10.720
-16.760	11.721
-19.975	7.403
-19.873	8.283
-16.821	7.621
-20.031	7.068
-18.605	8.252
-17.111	6.874
-19.313	10.221
-18.690	8.797
-20.961	7.394
-18.271	7.635
-21.122	10.739
-18.498	7.807
-17.705	8.244
-13.197	9.992
-16.370	8.006
-14.566	7.724
-15.558	8.132
-15.992	9.190
-14.666	10.312
-17.772	7.661
-20.692	11.885
-17.740	8.072
-19.568	10.048
-14.603	8.844
-13.828	9.456
-17.796	7.750
-14.855	9.047
-16.500	7.734
-16.083	8.174
-15.525	10.219
-13.696	6.166
-14.929	8.392
-19.035	8.506
-14.235	7.814
-14.554	8.750
-18.025	10.140
-19.136	10.783
-19.331	10.279
-20.347	6.705
-21.164	7.453
-21.151	6.335
-19.624	7.996
-19.320	5.751
-21.232	6.162
-23.295	6.045
-20.910	4.812
-20.914	5.647
-22.697	3.570
-21.490	4.461
-20.572	4.483
-19.729	0.759
-23.744	6.067
-18.079	4.421
-14.316	4.925
-15.681	5.100
-17.292	6.656
-20.982	2.620
-16.758	4.614
-18.136	2.566
-15.578	1.717
-19.150	4.067
-21.698	2.043
-19.201	0.931
-20.053	-1.354
-24.052	1.566
-22.055	1.055
-22.335	-0.791
-19.546	1.957
-17.552	3.660
-18.079	0.214
-16.442	4.130
-19.638	6.333
-24.660	5.630
-20.670	5.740
-20.484	4.684
-13.179	5.824
-11.515	4.610
-12.188	4.824
-16.006	7.111
-15.322	9.822
-15.431	8.056
-19.055	8.485
-19.388	8.048
-15.089	10.324
-15.939	9.153
-13.620	11.232
-14.248	9.881
-16.812	9.286
-13.579	11.195
-16.756	9.978
-19.486	10.835
-15.159	9.291
-18.834	9.917
-17.038	8.607
-18.232	9.477
-12.894	10.885
-13.099	9.433
-18.765	8.785
-15.600	8.504
-19.489	9.418
-20.161	6.787
-19.053	7.992
-20.554	6.746
-25.503	4.899
-23.037	5.209
-21.757	1.641
-23.132	3.267
-22.078	1.587
-21.398	6.229
-15.975	5.044
-17.903	1.642
-21.575	2.129
-25.920	1.360
-25.702	-0.477
-25.877	0.414
-26.673	0.061
-26.567	0.641
-23.408	0.857
-26.601	0.711
-25.869	0.393
-23.541	0.067
-27.070	1.859
-27.259	-0.492
-25.136	-4.378
-22.570	-5.806
-23.458	-4.839
-26.519	-3.771
-23.994	-5.244
-23.961	-5.317
-28.145	-0.840
-27.565	1.970
-27.436	1.534
-22.523	3.972
-27.207	2.876
-25.533	2.860
-24.357	1.385
-27.223	0.170
-26.299	0.875
-27.868	-0.169
-26.369	-0.067
-26.210	1.944
-28.663	0.656
-27.544	2.604
-28.559	1.291
-24.764	-0.627
-22.784	-2.418
-26.606	-0.862
-23.004	-5.030
-22.136	-3.763
-24.715	-3.536
-24.105	0.130
-23.906	-3.503
-23.650	-2.235
-24.485	-3.533
-25.572	0.356
-23.687	-3.535
-22.690	-3.918
-23.562	-3.647
-25.900	-3.273
-25.757	-0.104
-23.910	-2.775
-25.879	-3.102
-25.197	-2.737
-24.814	-0.130
-21.845	0.369
-26.349	-0.569
-25.654	0.437
-25.127	-1.357
-24.202	-1.239
-25.605	-2.337
-25.430	-3.990
-22.816	-1.618
-23.461	-3.387
-24.984	-2.182
-24.146	-1.141
-24.511	-2.879
-24.787	-4.627
-22.074	-4.173
-22.983	-5.934
-25.473	-3.162
-24.277	-7.124
-23.318	-4.874
-16.821	-12.304
-19.738	-9.252
-17.145	-10.740
-18.623	-9.025
-17.142	-9.847
-19.920	-9.670
-19.981	-9.552
-21.516	-6.075
-20.589	-8.994
-20.448	-12.995
-20.512	-9.875
-25.851	-6.317
-21.231	-8.077
-20.673	-5.433
-20.630	-4.448
-18.985	-5.604
-18.380	-3.640
-11.542	-2.758
-15.280	-5.077
-17.500	-4.337
-19.559	-5.233
-22.372	-5.785
-24.793	-3.229
-21.963	-3.203
-19.482	-2.494
-21.816	-3.985
-25.015	-5.486
-21.809	-5.078
-22.217	-7.423
-25.566	-4.623
-22.604	-5.306
-22.941	-7.375
-13.086	-8.745
-11.304	-8.782
-4.398	-9.632
-7.382	-9.195
-13.002	-4.403
-15.445	-6.770
-14.191	-3.289
-16.140	-5.975
-20.490	-6.016
-19.564	-7.270
-14.937	-5.844
-16.769	-4.507
-15.013	-5.677
-17.958	-6.328
-13.640	-2.309
-17.744	-2.620
-15.577	-4.889
-16.041	0.534
-14.441	0.650
-13.385	0.206
-13.224	-1.915
-11.834	-2.835
-12.631	-4.559
-11.149	-1.061
-12.889	-1.694
-9.779	-2.685
-10.003	-3.931
-9.795	-4.916
-14.316	-5.895
-10.836	-3.558
-8.708	-4.253
-9.425	-4.769
-13.744	-7.145
-10.796	-4.264
-13.437	-7.138
-7.830	-7.052
-9.699	-5.868
-8.832	-6.592
-9.958	-6.512
-4.719	-3.921
-5.335	-6.530
-7.305	-5.627
-7.487	-4.363
-5.140	-5.688
-7.807	-5.607
-6.018	-5.331
-9.815	-6.500
-10.732	-6.546
-11.890	-5.674
-13.015	-5.059
-11.423	-4.554
-7.921	-6.740
-10.816	-7.898
-10.249	-7.671
-7.479	-9.320
-8.150	-8.031
-4.403	-10.809
-6.214	-8.801
-10.223	-9.576
-4.860	-8.715
-4.950	-8.846
2.281	-8.793
6.148	-9.080
5.833	-10.379
0.636	-10.866
-0.535	-13.435
-3.366	-17.723
0.588	-17.138
-1.966	-13.758
-5.515	-12.049
-4.492	-14.489
-1.518	-12.021
-7.046	-11.274
-6.894	-13.806
-3.368	-12.717
-4.519	-13.411
-3.646	-12.729
-1.416	-11.666
-0.992	-10.304
-1.542	-9.696
-2.371	-10.455
-1.924	-9.642
-5.286	-6.969
-2.174	-7.267
0.474	-11.158
-4.204	-10.043
-2.878	-14.453
-5.040	-15.216
-6.196	-14.902
-6.797	-14.745
-6.891	-11.456
-6.569	-12.590
-1.993	-15.018
-4.102	-14.356
-2.119	-15.101
-3.990	-13.017
-6.080	-14.105
-6.956	-16.067
-7.652	-16.279
-4.751	-17.456
-5.606	-15.254
-5.163	-16.477
-5.728	-15.947
-5.664	-13.323
-5.058	-14.448
-5.188	-14.196
-4.996	-14.936
-6.312	-17.085
-9.003	-17.825
-5.887	-13.798
-6.897	-16.440
-7.577	-15.381
-5.055	-16.179
-6.447	-15.086
-7.304	-16.654
-5.757	-14.283
-4.597	-13.600
-5.921	-15.386
-5.788	-16.512
-6.894	-15.570
-8.998	-15.887
-8.825	-16.847
-10.347	-15.237
-9.705	-16.866
-8.673	-15.070
-7.068	-16.764
-6.439	-15.858
-4.645	-16.727
-6.119	-16.039
-7.206	-16.654
-6.811	-16.307
-6.528	-15.202
-7.454	-16.911
-6.810	-14.259
-7.956	-15.963
-6.034	-14.719
-6.700	-13.956
-7.366	-15.340
-6.771	-14.277
-6.142	-12.850
-6.218	-15.010
-4.148	-13.736
-6.488	-14.685
-6.189	-16.513
-9.301	-16.244
-3.652	-14.526
-4.227	-14.673
-6.860	-13.048
-6.748	-14.369
-6.405	-14.666
-5.920	-12.924
-5.423	-15.742
-6.780	-15.717
-7.738	-14.400
-6.416	-15.424
-8.336	-17.709
-4.679	-15.513
-5.473	-14.820
-3.694	-13.242
-4.518	-13.096
-5.603	-13.062
-4.556	-12.944
-7.386	-15.373
-6.327	-16.180
-10.003	-16.157
-8.622	-14.355
-7.642	-17.069
-7.356	-15.508
-10.721	-16.995
-10.355	-16.714
-9.525	-15.588
-6.598	-15.429
-7.017	-14.429
-5.920	-13.588
-3.935	-13.831
-5.724	-14.673
-4.201	-12.853
-5.928	-16.393
-7.191	-14.686
-5.348	-13.796
-5.007	-12.801
-5.448	-14.077
-3.841	-14.009
-6.051	-14.749
-5.018	-14.893
-3.439	-15.746
-5.776	-16.662
-4.332	-15.280
-3.648	-13.416
-5.515	-16.031
-4.161	-14.255
-4.314	-14.200
-4.940	-12.311
-6.920	-12.877
-5.959	-13.202
-5.899	-14.764
-4.439	-14.097
-7.793	-16.119
-4.798	-15.150
-5.466	-16.025
-4.516	-13.901
-5.975	-12.741
-4.741	-14.261
-8.186	-14.425
-8.679	-16.975
-3.547	-13.867
-3.921	-15.501
-5.662	-14.701
-4.073	-13.968
-3.174	-16.088
-4.296	-13.856
-2.999	-14.942
-2.449	-16.026
-3.964	-13.629
-2.268	-15.394
-5.963	-15.543
-5.296	-14.564
-3.350	-13.801
-3.073	-14.236
-5.117	-15.798
-3.436	-14.974
-5.834	-14.694
-6.829	-14.914
-4.644	-14.876
-5.689	-16.829
-3.692	-14.013
-4.201	-15.127
-3.857	-12.490
-4.113	-14.236
-4.217	-14.380
-3.396	-16.263
-2.667	-15.267
-4.904	-16.018
-3.816	-14.902
-4.369	-14.777
-3.505	-15.864
-3.117	-14.229
-3.638	-13.699
-5.605	-14.939
-3.687	-15.154
-2.973	-14.701
-3.370	-14.259
-1.907	-13.037
-4.370	-14.911
-2.595	-14.233
-5.228	-14.729
-2.974	-14.560
-4.612	-14.314
-4.718	-13.103
-4.545	-15.583
-5.042	-14.456
-5.220	-15.848
-5.912	-14.641
-5.864	-15.574
-4.820	-16.125
-4.817	-16.977
-3.825	-16.585
-3.130	-16.830
-3.709	-15.826
-3.935	-17.644
-1.371	-17.901
-3.895	-18.062
-5.823	-16.448
-3.546	-16.706
-4.879	-17.303
-5.288	-17.846
-3.135	-17.768
-2.796	-16.832
-2.337	-18.029
-4.217	-17.079
-4.405	-17.913
-5.830	-17.224
-3.811	-18.558
-4.344	-15.647
-4.186	-17.965
-6.312	-16.404
-3.123	-14.389
-3.095	-16.026
-3.565	-15.392
-3.974	-14.045
-3.838	-16.639
-4.365	-14.903
-3.638	-15.543
-4.036	-15.394
-4.196	-15.116
-5.206	-14.111
-6.016	-15.594
-6.621	-14.972
-6.876	-14.672
-5.168	-13.502
-6.758	-13.919
-3.985	-14.969
-5.820	-13.445
-5.686	-14.554
-5.642	-15.046
-4.150	-15.129
-5.055	-12.793
-2.462	-13.861
-4.119	-13.478
-4.330	-12.888
-2.619	-15.095
-1.638	-15.361
-5.249	-14.621
-6.173	-13.146
-5.843	-12.884
-5.234	-14.088
-2.804	-14.568
-4.755	-13.897
-2.123	-11.909
-4.027	-11.913
-4.117	-11.952
-3.917	-14.056
-3.808	-13.765
-3.975	-14.883
-5.667	-14.226
-6.683	-12.516
-6.388	-13.370
-5.840	-16.200
-5.802	-15.716
-5.038	-14.217
-3.515	-14.655
-3.473	-14.969
-4.014	-14.241
-5.275	-15.946
-4.837	-13.794
-3.667	-13.711
-3.650	-13.214
-4.748	-15.770
-2.884	-12.532
-4.475	-14.062
-7.281	-15.518
-6.238	-17.443
-6.260	-14.536
-6.463	-14.317
-4.039	-13.956
-6.323	-15.260
-3.788	-14.395
-4.681	-14.105
-2.965	-12.723
-4.657	-12.750
-5.143	-13.500
-3.970	-12.691
-4.714	-13.719
-2.929	-13.218
-5.529	-14.561
-3.578	-14.657
-5.501	-12.605
-4.267	-14.907
-4.603	-16.033
-2.916	-13.725
-4.643	-14.771
-2.899	-15.400
-3.351	-15.356
-2.505	-16.572
-4.829	-14.282
-1.395	-13.382
-2.029	-13.344
-4.694	-13.031
-4.082	-13.546
-4.199	-13.190
-2.343	-11.202
-1.729	-15.043
-2.441	-14.549
-5.446	-16.207
-1.492	-13.587
-1.634	-15.433
-3.418	-13.764
-1.503	-14.443
-2.288	-11.087
-5.158	-12.996
-3.099	-13.954
-3.250	-14.181
-2.891	-14.184
-4.791	-13.510
-2.816	-13.544
-3.268	-15.774
-3.809	-13.883
-3.104	-13.417
-3.630	-13.766
-4.723	-13.327
-8.285	-12.631
-6.602	-13.216
-5.164	-14.253
-4.403	-13.285
-3.270	-17.208
-3.633	-14.325
-4.913	-14.232
-5.478	-14.595
-3.962	-13.376
-5.219	-13.708
-4.152	-15.411
-4.676	-14.415
-5.941	-16.031
-6.415	-14.912
-8.422	-16.571
-6.889	-13.730
-3.105	-15.332
-6.271	-13.976
-9.654	-13.948
-5.879	-16.116
-9.884	-14.583
-2.689	-13.792
-4.656	-11.602
0.203	-12.249
-2.830	-12.082
-2.474	-13.677
-2.360	-13.255
-5.019	-14.052
-2.220	-14.080
-2.976	-14.755
-1.891	-15.156
-2.169	-12.296
-1.215	-9.238
-2.554	-11.484
-0.006	-9.979
-0.290	-11.572
-0.753	-12.922
-3.800	-9.746
-0.164	-13.269
-0.914	-10.459
-3.334	-11.011
-2.868	-11.322
-4.301	-12.526
-1.528	-13.757
-2.666	-10.068
-0.511	-9.876
-3.274	-10.723
-4.052	-9.081
-2.236	-14.179
-3.705	-10.540
-0.260	-10.572
-1.063	-10.169
-0.725	-6.069
-3.321	-6.448
-2.425	-9.283
-2.138	-7.244
-2.232	-5.438
0.421	-5.323
1.136	-7.317
-2.796	-6.767
0.049	-5.481
-1.987	-8.974
0.550	-10.537
-2.289	-12.962
-1.676	-9.580
-3.398	-7.583
-3.109	-8.592
-1.143	-11.639
-2.333	-10.332
0.082	-10.946
-1.402	-12.188
-4.209	-11.077
-0.754	-11.607
-1.987	-12.524
-3.811	-13.639
-4.034	-11.919
-5.021	-7.905
-3.655	-5.356
-2.543	-6.067
-4.557	-5.599
-4.249	-7.322
-5.171	-7.709
-3.003	-9.294
-2.293	-8.381
-3.154	-10.599
-3.851	-7.913
-4.444	-7.240
-5.636	-4.844
-2.171	-6.216
-3.100	-6.264
-4.107	-12.384
-5.115	-9.240
-3.355	-12.273
-6.530	-8.934
-5.928	-8.298
-2.674	-7.980
-3.866	-10.580
-3.888	-9.801
-3.611	-6.272
-3.281	-10.080
-3.806	-7.648
-5.667	-7.484
-2.809	-6.621
1.152	-8.900
-1.635	-7.303
2.000	-7.827
-2.269	-6.468
-2.791	-6.941
-4.766	-10.132
-7.153	-7.362
-11.840	-7.875
-10.072	-7.174
-10.072	-3.368
-12.433	-7.446
-10.954	-7.039
-9.033	-5.880
-9.934	-6.259
-9.153	-5.060
-6.447	-9.529
-4.931	-9.153
-6.503	-10.334
-6.035	-13.340
-6.770	-10.037
-6.981	-11.273
-6.767	-9.651
-5.875	-11.967
-5.212	-12.315
-6.522	-12.197
-3.751	-13.574
-7.166	-11.244
-7.874	-10.957
-9.497	-6.237
-5.628	-8.861
-7.895	-8.062
-7.782	-9.011
-13.775	-6.692
-6.308	-10.755
-4.462	-10.873
-6.042	-10.862
-3.437	-11.386
-4.261	-12.685
-2.746	-12.934
-5.779	-12.046
-7.620	-11.557
-3.245	-9.827
-5.105	-10.507
-4.593	-10.368
-4.180	-12.280
-3.813	-14.097
1.124	-11.394
-4.109	-11.751
-7.458	-11.384
-11.753	-8.278
-12.653	-11.570
-12.213	-10.393
-5.828	-9.258
-5.504	-9.311
-4.743	-10.288
-7.686	-10.036
-4.128	-6.936
-5.481	-8.409
-6.378	-5.953
-3.643	-4.435
-3.789	-5.941
-4.291	-3.231
-3.417	-4.414
-3.579	-4.824
-3.402	-2.719
2.034	-5.832
-3.788	-4.688
-5.891	-6.029
-7.081	-9.144
-4.367	-5.387
-1.569	-9.223
-0.056	-8.730
0.659	-8.725
-6.834	-9.367
-12.292	-6.012
-8.237	-5.475
-10.078	-4.635
-9.733	-4.710
-8.593	-3.350
-9.400	-3.288
-7.409	-4.207
-7.270	-2.841
-5.675	-3.619
-4.065	-4.387
-5.822	-3.747
-4.698	-3.553
-3.536	-2.014
-6.144	-6.983
-6.897	-5.224
-7.912	-4.945
-7.364	-3.976
-7.367	-5.047
-6.237	-3.182
-6.805	-4.404
-6.511	-5.069
-5.154	-5.459
-3.523	-3.837
-4.954	-1.121
-5.425	-4.330
-4.979	-4.348
-7.885	-2.618
-3.210	-3.108
-5.755	-4.861
